lat,lon,ele,time,hdop,speed
48.74796 2.3520267 50.96 120923 3.1 0.629
48.747945 2.352035 46.16 120929 2.7 0.816
48.74781 2.3519683 39.16 120935 2.5 1.452
48.747575 2.35186 34.56 120941 2.3 3.525
48.7473817 2.3516733 28.46 120947 2.2 4.235
48.7472133 2.351495 22.56 120953 2.2 4.064
48.7472783 2.3511183 19.46 120959 2.3 4.665
48.747375 2.3506883 16.66 121005 2.2 5.759
48.74758 2.350645 11.16 121011 2.5 5.357
48.7477783 2.35077 5.46 121017 2.7 4.821
48.7478833 2.3507933 0.46 121023 2.8 3.717
48.749225 2.3503917 -5.64 121104 2.4 6.63
48.74946 2.35008 -5.64 121109 2.3 6.606
48.7497367 2.3495217 -8.24 121115 2.5 7.894
48.7499367 2.3490383 -12.44 121120 2.5 8.799
48.75014 485617 -16.33 121126 2.5 7.897
48.7503033 481717 -15.03 121131 2.5 6.606
48.7505033 2.3477933 -11.13 121137 2.5 5.377
48.4833 2.3474433 -9.43 121143 2.5 4.429
48.7506467 2.3470567 -5.03 121149 2.4 4.531
48.7507733 2.346665 -2.73 121154 2.4 5.111
48.7508717 2.346295 2.67 121159 2.2 4.9
48.750725 2.345945 6.67 121205 2.2 4.49
48.7505633 2.345725 9.97 121210 2.2 4.434
48.750405 2.3454667 11.87 121216 2.3 3.885
48.75034 2.3452017 15.07 121221 2.3 3.895
48.7501583 2.3449383 16.37 121227 2.4 4.03
48.7499517 2.3447133 16.96 121233 2.3 3.942
48.7498867 2.3445983 17.16 121238 2.4 2.808
48.7498833 2.3443667 18.06 121244 2.2 2.324
48.7498233 2.344095 18.46 121249 2.1 3.463
48.7497133 2.3438517 17.06 121254 2.1 3.998
48.749545 2.3436317 14.16 121300 2.1 4.102
48.7493417 2.3434083 13.96 121306 2.1 4.23
48.7491767 2.343185 12.86 121311 2.2 4.36
48.7490617 2.342885 19.06 121317 2.1 4.422
48.7490167 2.341235 21.46 121405 2 5.885
48.7492717 2.3408567 21.16 121411 2.1 6.447
48.7495217 2.3404783 19.76 121417 2.1 6.576
48.7497717 2.3400817 20.16 121423 2.1 6.635
48.7500117 2.3397067 20.47 121429 2.3 6.568
48.7502167 2.339425 18.97 121434 2.2 6.386
48.7504717 2.3391683 18.87 121440 2.1 5.987
48.750805 2.3392433 19.07 121446 2 6.146
48.7511017 2.3392133 20.27 121451 2.1 6.658
48.7513317 2.3388533 18.87 121457 2.4 6.179
48.7515033 2.3384417 17.77 121503 2.1 5.626
48.7516817 2.33802 17.27 121509 1.9 5.781
48.7517967 2.3376367 17.67 121514 1.9 5.743
48.7518817 2.3372 19.07 121520 1.8 5.324
48.7519333 2.3368617 19.07 121525 1.8 4.843
48.7520017 2.3365383 20.37 121530 1.7 4.8
48.7521167 2.3361583 19.97 121536 1.7 4.878
48.7522683 2.3358117 19.77 121542 1.7 5.028
48.7524117 2.3355217 18.97 121547 1.7 5.293
48.7525833 2.335155 19.67 121553 1.8 5.428
48.7527317 248667 18.67 121558 1.9 5.412
48.7529217 2.334505 17.87 121604 1.9 5.584
48.7530833 2.3341517 18.17 121609 1.9 6.012
48.7533283 2.3338067 18.07 121615 1.9 6.303
48.75361 2.3338583 18.37 121620 2 6.491
48.7538583 2.3335567 17.47 121626 2.1 6.582
48.7537467 2.3331017 17.77 121631 2 6.439
48.7534517 2.3329017 20.47 121637 1.9 5.898
48.75326 2.3326 21.17 121643 1.8 5.16
48.7530967 2.3323683 20.67 148 1.7 4.955
48.7528617 2.3321767 22.07 121654 1.7 4.831
48.75265 2.3320567 24.27 121659 1.7 4.804
48.7524017 2.3319417 25.07 121705 1.8 4.815
48.7521983 2.3317217 25.97 121711 1.8 4.72
48.75216 2.3314083 26.97 121717 1.8 4.274
48.7522417 2.3311617 27.87 121722 1.8 4.024
48.7523467 2.3309167 27.17 121727 1.7 4.154
48.7524683 2.3306017 28.17 121733 1.7 4.382
48.7525867 2.3303283 29.07 121738 1.8 4.576
48.7527333 2.33005 28.07 121743 2.1 5.016
48.7528783 2.329685 25.77 121749 2.2 5.242      